%YAML:1.0
aruco_bc_nmarkers: 52
aruco_bc_mInfoType: 0
aruco_bc_markers:
   - { id:860, corners:[ [ -770., -230., 0. ], [ -670., -230., 0. ], [
       -670., -130., 0. ], [ -770., -130., 0. ] ] }
   - { id:759, corners:[ [ -650., -230., 0. ], [ -550., -230., 0. ], [
       -550., -130., 0. ], [ -650., -130., 0. ] ] }
   - { id:752, corners:[ [ -530., -230., 0. ], [ -430., -230., 0. ], [
       -430., -130., 0. ], [ -530., -130., 0. ] ] }
   - { id:892, corners:[ [ -410., -230., 0. ], [ -310., -230., 0. ], [
       -310., -130., 0. ], [ -410., -130., 0. ] ] }
   - { id:304, corners:[ [ -290., -230., 0. ], [ -190., -230., 0. ], [
       -190., -130., 0. ], [ -290., -130., 0. ] ] }
   - { id:996, corners:[ [ -170., -230., 0. ], [ -70., -230., 0. ], [
       -70., -130., 0. ], [ -170., -130., 0. ] ] }
   - { id:11, corners:[ [ -50., -230., 0. ], [ 50., -230., 0. ], [ 50.,
       -130., 0. ], [ -50., -130., 0. ] ] }
   - { id:1000, corners:[ [ 70., -230., 0. ], [ 170., -230., 0. ], [
       170., -130., 0. ], [ 70., -130., 0. ] ] }
   - { id:962, corners:[ [ 190., -230., 0. ], [ 290., -230., 0. ], [
       290., -130., 0. ], [ 190., -130., 0. ] ] }
   - { id:308, corners:[ [ 310., -230., 0. ], [ 410., -230., 0. ], [
       410., -130., 0. ], [ 310., -130., 0. ] ] }
   - { id:109, corners:[ [ 430., -230., 0. ], [ 530., -230., 0. ], [
       530., -130., 0. ], [ 430., -130., 0. ] ] }
   - { id:560, corners:[ [ 550., -230., 0. ], [ 650., -230., 0. ], [
       650., -130., 0. ], [ 550., -130., 0. ] ] }
   - { id:208, corners:[ [ 670., -230., 0. ], [ 770., -230., 0. ], [
       770., -130., 0. ], [ 670., -130., 0. ] ] }
   - { id:295, corners:[ [ -770., -110., 0. ], [ -670., -110., 0. ], [
       -670., -10., 0. ], [ -770., -10., 0. ] ] }
   - { id:365, corners:[ [ -650., -110., 0. ], [ -550., -110., 0. ], [
       -550., -10., 0. ], [ -650., -10., 0. ] ] }
   - { id:31, corners:[ [ -530., -110., 0. ], [ -430., -110., 0. ], [
       -430., -10., 0. ], [ -530., -10., 0. ] ] }
   - { id:1, corners:[ [ -410., -110., 0. ], [ -310., -110., 0. ], [
       -310., -10., 0. ], [ -410., -10., 0. ] ] }
   - { id:757, corners:[ [ -290., -110., 0. ], [ -190., -110., 0. ], [
       -190., -10., 0. ], [ -290., -10., 0. ] ] }
   - { id:875, corners:[ [ -170., -110., 0. ], [ -70., -110., 0. ], [
       -70., -10., 0. ], [ -170., -10., 0. ] ] }
   - { id:781, corners:[ [ -50., -110., 0. ], [ 50., -110., 0. ], [ 50.,
       -10., 0. ], [ -50., -10., 0. ] ] }
   - { id:181, corners:[ [ 70., -110., 0. ], [ 170., -110., 0. ], [ 170.,
       -10., 0. ], [ 70., -10., 0. ] ] }
   - { id:294, corners:[ [ 190., -110., 0. ], [ 290., -110., 0. ], [
       290., -10., 0. ], [ 190., -10., 0. ] ] }
   - { id:201, corners:[ [ 310., -110., 0. ], [ 410., -110., 0. ], [
       410., -10., 0. ], [ 310., -10., 0. ] ] }
   - { id:334, corners:[ [ 430., -110., 0. ], [ 530., -110., 0. ], [
       530., -10., 0. ], [ 430., -10., 0. ] ] }
   - { id:194, corners:[ [ 550., -110., 0. ], [ 650., -110., 0. ], [
       650., -10., 0. ], [ 550., -10., 0. ] ] }
   - { id:619, corners:[ [ 670., -110., 0. ], [ 770., -110., 0. ], [
       770., -10., 0. ], [ 670., -10., 0. ] ] }
   - { id:50, corners:[ [ -770., 10., 0. ], [ -670., 10., 0. ], [ -670.,
       110., 0. ], [ -770., 110., 0. ] ] }
   - { id:628, corners:[ [ -650., 10., 0. ], [ -550., 10., 0. ], [ -550.,
       110., 0. ], [ -650., 110., 0. ] ] }
   - { id:632, corners:[ [ -530., 10., 0. ], [ -430., 10., 0. ], [ -430.,
       110., 0. ], [ -530., 110., 0. ] ] }
   - { id:856, corners:[ [ -410., 10., 0. ], [ -310., 10., 0. ], [ -310.,
       110., 0. ], [ -410., 110., 0. ] ] }
   - { id:506, corners:[ [ -290., 10., 0. ], [ -190., 10., 0. ], [ -190.,
       110., 0. ], [ -290., 110., 0. ] ] }
   - { id:428, corners:[ [ -170., 10., 0. ], [ -70., 10., 0. ], [ -70.,
       110., 0. ], [ -170., 110., 0. ] ] }
   - { id:81, corners:[ [ -50., 10., 0. ], [ 50., 10., 0. ], [ 50., 110.,
       0. ], [ -50., 110., 0. ] ] }
   - { id:411, corners:[ [ 70., 10., 0. ], [ 170., 10., 0. ], [ 170.,
       110., 0. ], [ 70., 110., 0. ] ] }
   - { id:12, corners:[ [ 190., 10., 0. ], [ 290., 10., 0. ], [ 290.,
       110., 0. ], [ 190., 110., 0. ] ] }
   - { id:42, corners:[ [ 310., 10., 0. ], [ 410., 10., 0. ], [ 410.,
       110., 0. ], [ 310., 110., 0. ] ] }
   - { id:397, corners:[ [ 430., 10., 0. ], [ 530., 10., 0. ], [ 530.,
       110., 0. ], [ 430., 110., 0. ] ] }
   - { id:210, corners:[ [ 550., 10., 0. ], [ 650., 10., 0. ], [ 650.,
       110., 0. ], [ 550., 110., 0. ] ] }
   - { id:977, corners:[ [ 670., 10., 0. ], [ 770., 10., 0. ], [ 770.,
       110., 0. ], [ 670., 110., 0. ] ] }
   - { id:431, corners:[ [ -770., 130., 0. ], [ -670., 130., 0. ], [
       -670., 230., 0. ], [ -770., 230., 0. ] ] }
   - { id:884, corners:[ [ -650., 130., 0. ], [ -550., 130., 0. ], [
       -550., 230., 0. ], [ -650., 230., 0. ] ] }
   - { id:227, corners:[ [ -530., 130., 0. ], [ -430., 130., 0. ], [
       -430., 230., 0. ], [ -530., 230., 0. ] ] }
   - { id:697, corners:[ [ -410., 130., 0. ], [ -310., 130., 0. ], [
       -310., 230., 0. ], [ -410., 230., 0. ] ] }
   - { id:939, corners:[ [ -290., 130., 0. ], [ -190., 130., 0. ], [
       -190., 230., 0. ], [ -290., 230., 0. ] ] }
   - { id:497, corners:[ [ -170., 130., 0. ], [ -70., 130., 0. ], [ -70.,
       230., 0. ], [ -170., 230., 0. ] ] }
   - { id:121, corners:[ [ -50., 130., 0. ], [ 50., 130., 0. ], [ 50.,
       230., 0. ], [ -50., 230., 0. ] ] }
   - { id:667, corners:[ [ 70., 130., 0. ], [ 170., 130., 0. ], [ 170.,
       230., 0. ], [ 70., 230., 0. ] ] }
   - { id:85, corners:[ [ 190., 130., 0. ], [ 290., 130., 0. ], [ 290.,
       230., 0. ], [ 190., 230., 0. ] ] }
   - { id:651, corners:[ [ 310., 130., 0. ], [ 410., 130., 0. ], [ 410.,
       230., 0. ], [ 310., 230., 0. ] ] }
   - { id:631, corners:[ [ 430., 130., 0. ], [ 530., 130., 0. ], [ 530.,
       230., 0. ], [ 430., 230., 0. ] ] }
   - { id:500, corners:[ [ 550., 130., 0. ], [ 650., 130., 0. ], [ 650.,
       230., 0. ], [ 550., 230., 0. ] ] }
   - { id:768, corners:[ [ 670., 130., 0. ], [ 770., 130., 0. ], [ 770.,
       230., 0. ], [ 670., 230., 0. ] ] }
